(1) 39
(2) 690
(3) 11/50
(4) 60
(5) 6600
(6) 3/8
(7) 703
(8) 24
(9) 1/4
*(10) 674-744
(11) 700
(12) 160
(13) 6
(14) 6 9/10
(15) 2349
(16) 39
(17) 3/4
(18) 15
(19) 61
*(20) 279344-308748
(21) 8536
(22) 925
(23) 17
(24) 160
(25) 11
(26) 7
(27) -9
(28) 11988
(29) 2 9/130
*(30) 1672-1846
(31) 1988
(32) 93
(33) 225
(34) 125
(35) 84
(36) 11
(37) 289
(38) 21
(39) 6
*(40) 34438-38062
(41) -5
(42) 14
(43) 5
(44) 11011
(45) 294
(46) 72
(47) 987040
(48) 320
(49) 801
*(50) 23826-26334
(51) -3
(52) 50 5/14
(53) 9
(54) 1/2 or .5
(55) 87
(56) 36
(57) 1020091
(58) 23/330
(59) 69
*(60) 2730-3016
(61) 6
(62) 66
(63) -5
(64) 2500
(65) 32
(66) 15
(67) 210
(68) 34 28/45
(69) 6333
*(70) 371094-410156
(71) 432
(72) 27/125
(73) 4
(74) 83
(75) 126
(76) 95
(77) 4/9
(78) 104
(79) 40404
*(80) 375-413