(1) 132
(2) 4800
(3) 2
(4) 1 3/10
(5) 4983
(6) 62.5
(7) 289
(8) 135
(9) 1400
*(10) 1386-1530
(11) 2625
(12) 17/20
(13) 3/5 or .6
(14) 11448
(15) 30 3/16
(16) 1331
(17) 400
(18) 1800
(19) 2496
*(20) 2291-2531
(21) 19
(22) 150
(23) 1 5/6
(24) 2 16/77
(25) 71/90
(26) 8400
(27) 99
(28) 51
(29) 5005
*(30) 14246-15744
(31) 693
(32) 8585
(33) 9
(34) 12
(35) 12
(36) 196
(37) 76
(38) 9792
(39) 512
*(40) 602-665
(41) 31
(42) 176
(43) 1089
(44) 8
(45) 87579
(46) 40.80
(47) 5
(48) 36
(49) 7/16 or .4375
*(50) 147744-163296
(51) 66
(52) 992015
(53) -1/2 or -.5
(54) 17/8 or 2 1/8 or 2.125
(55) 111001
(56) 9 8/15
(57) 121/4 or 30 1/4 or 30.25
(58) 3/28
(59) 501264
*(60) 21090-23310
(61) 2604
(62) 484
(63) 32
(64) 43
(65) 1000
(66) 75
(67) 14
(68) 730
(69) 2/9
*(70) 64400-71178
(71) 99/10 or 9 9/10 or 9.9
(72) 38
(73) 65 7/9 or 592/9
(74) 25/4 or 6 1/4 or 6.25
(75) 21
(76) -63
(77) 15/64 or .234375
(78) 30
(79) 67 1/2 or 67.5 or 135/2
*(80) 245100-270899